,Einkommen 0 CHF,Einkommen 100-20000 CHF,Einkommen 20100-40000 CHF,Einkommen 40100-60000 CHF,Einkommen 60100-80000 CHF,Einkommen 80100-100000 CHF,Einkommen 100100-125000 CHF,Einkommen 125100-150000 CHF,Einkommen 150100-175000 CHF,Einkommen 175100-200000 CHF,Einkommen 200100-250000 CHF,Einkommen 250100-300000 CHF,Einkommen ab 300100-400000 CHF,Einkommen 400100-500000 CHF,Einkommen 500100-750000 CHF,Einkommen 750100-1000000 CHF,Einkommen ab 1000100 CHF,Total
Anzahl Ehepaare 2007,16092,26479,44385,51389,38829,21638,13322,6346,3216,1835,1828,914,826,378,345,117,122,228061
Anzahl Ehepaare 2008,16064,25347,42438,50861,39521,22758,14191,6732,3366,1908,2046,985,889,377,357,105,130,228075
Anzahl Ehepaare 2009,16566,27006,43077,49593,38474,22238,13916,6933,3509,1889,1976,1022,855,394,361,109,159,228077
Anzahl Ehepaare 2010,16727,26648,42105,49103,38567,22487,14410,7121,3559,2044,2059,991,917,430,382,122,160,227832
Anzahl Ehepaare 2011,16703,27128,41676,48512,38481,22924,14663,7209,3606,2034,2206,1033,962,392,418,119,167,228233
Anzahl Ehepaare 2012,16877,27277,40911,48172,38566,23375,14841,7384,3729,2059,2254,1068,970,436,392,125,157,228593
Anzahl Ehepaare 2013,17007,27536,40599,47667,38606,23434,15222,7504,3859,2196,2172,1109,1025,437,405,123,153,229054
Anzahl Ehepaare 2014,16631,26423,38957,46998,39477,24823,15961,7912,4034,2252,2408,1163,1017,480,402,128,168,229234
Anzahl Ehepaare 2015,16263,26592,38056,46847,39493,25219,16283,8186,4242,2306,2396,1147,1081,509,424,113,197,229354
Anzahl Ehepaare 2016,15981,25772,37516,46072,39981,25456,16874,8334,4312,2506,2446,1225,1158,480,453,131,196,228893
Anzahl Ehepaare 2017,15453,25764,36622,46030,40397,25502,17242,8473,4465,2490,2582,1244,1164,539,467,145,218,228797
