,Einkommen 0 CHF,Einkommen 100-20000 CHF,Einkommen 20100-40000 CHF,Einkommen 40100-60000 CHF,Einkommen 60100-80000 CHF,Einkommen 80100-100000 CHF,Einkommen 100100-125000 CHF,Einkommen 125100-150000 CHF,Einkommen 150100-175000 CHF,Einkommen 175100-200000 CHF,Einkommen 200100-250000 CHF,Einkommen 250100-300000 CHF,Einkommen ab 300100-400000 CHF,Einkommen 400100-500000 CHF,Einkommen 500100-750000 CHF,Einkommen 750100-1000000 CHF,Einkommen ab 1000100 CHF,Total
Betrag Kantonssteuer Alleinstehende 2007,0,90950139,385187702,379035625,195074286,97784261,58718513,31906800,17585474,13772337,17405488,12496769,12751283,7186064,7825985,4285037,19573493,1351539258
Betrag Kantonssteuer Alleinstehende 2008,0,86318137,374832754,388918563,205355987,103294496,62934943,34577778,19092963,13099531,17978035,10752995,12952995,7908679,9147121,3433222,16675076,1367273276
Betrag Kantonssteuer Alleinstehende 2009,0,88338206,384084678,405090577,211770331,109244840,67786087,36200306,20819783,14260837,18565955,11939936,13063968,8026449,9736293,4917342,20812927,1424658517
Betrag Kantonssteuer Alleinstehende 2010,0,89134497,387448744,411438765,219516780,113563739,70849301,36460883,21987180,14324730,19581665,11107413,15067716,7868023,10482282,4533823,24746213,1458111753
Betrag Kantonssteuer Alleinstehende 2011,0,89593826,386590727,420372900,225979453,117024652,74029432,37768577,23154760,14465303,20142071,13227831,15378306,8126841,9077537,4863219,21730361,1481525796
Betrag Kantonssteuer Alleinstehende 2012,0,89209798,381770842,426368798,229802120,119023855,74807063,38790216,22612132,15749647,19378114,13120995,14610237,9018498,8930287,5679589,22871996,1491744187
Betrag Kantonssteuer Alleinstehende 2013,0,89399240,384721739,438673960,238463230,125271527,79299217,39510080,22872654,15511439,20044606,13975231,15297019,7978973,9478729,5951401,27179700,1533628746
Betrag Kantonssteuer Alleinstehende 2014,0,87738102,383569866,464860443,252746368,127889121,81984195,41614421,24357430,15859983,21378001,14961726,16064251,9444124,10670618,4339893,30730814,1588209358
Betrag Kantonssteuer Alleinstehende 2015,0,88479622,386866827,473686001,260199398,134492790,82809302,43436129,25698477,16719692,21397529,15192263,17287016,8879784,12143474,5921848,33463721,1626673872
Betrag Kantonssteuer Alleinstehende 2016,0,88250234,384195582,487167147,271510743,139472138,87160123,46079577,26216858,18287375,21411053,15038820,17101052,11983456,12024194,6647677,31664874,1664210903
Betrag Kantonssteuer Alleinstehende 2017,0,88757629,386899652,494512428,277680349,144802932,88811052,46438745,27790797,19016473,22645222,15094371,18660201,9667518,12001375,8304838,31198938,1692282521
