,Einkommen 0 CHF,Einkommen 100-20000 CHF,Einkommen 20100-40000 CHF,Einkommen 40100-60000 CHF,Einkommen 60100-80000 CHF,Einkommen 80100-100000 CHF,Einkommen 100100-125000 CHF,Einkommen 125100-150000 CHF,Einkommen 150100-175000 CHF,Einkommen 175100-200000 CHF,Einkommen 200100-250000 CHF,Einkommen 250100-300000 CHF,Einkommen ab 300100-400000 CHF,Einkommen 400100-500000 CHF,Einkommen 500100-750000 CHF,Einkommen 750100-1000000 CHF,Einkommen ab 1000100 CHF,Total
Betrag Kantonssteuer Ehepaare 2007,0,21202526,131732072,276984498,312414215,238611877,193291527,118665856,73985784,50306552,62023346,39763901,47124539,29161223,36981177,18697408,52740406,1703686908
Betrag Kantonssteuer Ehepaare 2008,0,19416696,122154727,265521362,307831294,242519090,199073824,121559658,74392303,50183690,66293050,40742830,47949034,27409472,35946713,14915056,44951676,1680860474
Betrag Kantonssteuer Ehepaare 2009,0,20825320,125869297,259686403,298655513,235686555,194624773,125648876,79023952,50733795,65242657,42851913,46830173,28444560,35940301,15294819,54738330,1680097239
Betrag Kantonssteuer Ehepaare 2010,0,20567345,123089560,257153459,299602208,238450519,201408513,129120384,79859458,54828742,67457879,41287326,49978732,30963475,37690770,17894272,58906876,1708259518
Betrag Kantonssteuer Ehepaare 2011,0,20879628,120959121,252980518,296821830,241207289,203408400,129305104,80069350,54105722,71807517,42566378,51263090,27966738,40823275,16627264,54618759,1705409985
Betrag Kantonssteuer Ehepaare 2012,0,20831108,115791294,244911952,289643831,239212327,200418447,129263111,81075036,53512888,72023786,43465435,51153776,30769498,37463291,17319821,52863891,1679719491
Betrag Kantonssteuer Ehepaare 2013,0,20898949,115060381,242469615,289921054,239723173,205528041,131222270,83849427,57114544,69475953,44935379,53846122,30394567,38757974,16900970,48578697,1688677115
Betrag Kantonssteuer Ehepaare 2014,0,20108259,110579549,239427735,296782442,254024772,215551582,138252911,87575337,58334022,76801226,46821792,52969573,32885045,38611464,17460130,50467144,1736652985
Betrag Kantonssteuer Ehepaare 2015,0,20296946,108320035,239045144,297465865,258082770,219979798,143006661,92157769,59864946,76081456,46229335,56379412,35540579,40272502,15223302,56630218,1764576738
Betrag Kantonssteuer Ehepaare 2016,0,19788385,106997597,235228539,301047012,260411468,227859473,145724164,93579711,64987282,77832897,49126475,60225975,32936454,42127740,17990403,64371627,1800235200
Betrag Kantonssteuer Ehepaare 2017,0,19873885,104436668,235160368,304592140,260988114,233105941,148200502,96590312,64455204,82299367,50051112,59575491,37404622,43167079,19707169,73987286,1833595259
