,Einkommen 0 CHF,Einkommen 100-20000 CHF,Einkommen 20100-40000 CHF,Einkommen 40100-60000 CHF,Einkommen 60100-80000 CHF,Einkommen 80100-100000 CHF,Einkommen 100100-125000 CHF,Einkommen 125100-150000 CHF,Einkommen 150100-175000 CHF,Einkommen 175100-200000 CHF,Einkommen 200100-250000 CHF,Einkommen 250100-300000 CHF,Einkommen ab 300100-400000 CHF,Einkommen 400100-500000 CHF,Einkommen 500100-750000 CHF,Einkommen 750100-1000000 CHF,Einkommen ab 1000100 CHF,Total
Anzahl Alleinstehende 2007,96546,91488,111731,63313,21505,7871,3626,1537,692,456,472,268,210,90,71,27,46,399949
Anzahl Alleinstehende 2008,95464,90431,111909,67022,23396,8605,4034,1726,778,451,512,243,225,105,92,24,46,405063
Anzahl Alleinstehende 2009,98157,90024,111858,68454,23752,8963,4252,1782,837,484,519,266,227,108,94,37,45,409859
Anzahl Alleinstehende 2010,98843,91013,112617,69523,24659,9311,4439,1802,889,485,551,249,264,105,107,31,56,414944
Anzahl Alleinstehende 2011,99323,92449,112815,71277,25519,9661,4679,1866,938,497,581,298,270,112,94,33,50,420462
Anzahl Alleinstehende 2012,99844,93077,113124,73723,26567,10076,4842,1955,938,550,565,305,261,126,94,39,48,426134
Anzahl Alleinstehende 2013,100005,93874,113936,75799,27583,10611,5131,1994,946,547,582,323,277,113,96,41,53,431911
Anzahl Alleinstehende 2014,99385,92256,113171,80200,29252,10858,5305,2102,1014,558,620,343,291,132,110,30,67,435694
Anzahl Alleinstehende 2015,98952,93211,113962,81663,30097,11417,5363,2193,1075,587,615,357,311,123,127,41,64,440158
Anzahl Alleinstehende 2016,98826,93568,112884,83987,31397,11860,5656,2331,1097,644,616,351,314,163,127,49,73,443943
Anzahl Alleinstehende 2017,98122,94229,113695,85216,32138,12301,5758,2361,1162,672,664,355,338,131,130,61,71,447404
